 ,0.853 ,0.609 ,-66.728 ,-20.042 ,10.836 ,148.692 ,0.713 ,1.000
 ,0.909 ,0.800 ,-61.816 ,-19.071 ,15.236 ,205.652 ,0.601 ,1.000
 ,0.963 ,0.818 ,-61.778 ,-18.862 ,16.395 ,251.339 ,0.587 ,1.000
 ,0.940 ,0.889 ,-63.843 ,-19.436 ,14.816 ,232.213 ,0.586 ,1.000
 ,0.952 ,0.900 ,-61.796 ,-19.403 ,14.402 ,191.574 ,0.629 ,1.000
 ,0.868 ,0.640 ,-62.895 ,-20.059 ,14.595 ,177.603 ,0.706 ,1.000
 ,0.942 ,0.875 ,-64.246 ,-20.088 ,13.754 ,187.576 ,0.691 ,1.000
 ,0.925 ,0.778 ,-67.135 ,-19.500 ,13.243 ,157.213 ,0.552 ,1.000
 ,0.941 ,0.852 ,-69.474 ,-19.611 ,13.720 ,200.846 ,0.581 ,1.000
 ,0.906 ,0.862 ,-65.207 ,-19.828 ,14.919 ,193.502 ,0.576 ,1.000
 ,0.944 ,0.800 ,-70.492 ,-20.022 ,12.533 ,172.259 ,0.604 ,1.000
 ,1.000 ,1.000 ,-73.783 ,-19.237 ,10.685 ,172.435 ,0.541 ,1.000
 ,0.851 ,0.720 ,-64.805 ,-20.442 ,13.538 ,148.841 ,0.603 ,1.000
 ,0.963 ,0.905 ,-65.276 ,-19.341 ,13.818 ,167.026 ,0.543 ,1.000
 ,0.970 ,0.895 ,-68.016 ,-18.954 ,14.393 ,193.402 ,0.605 ,1.000
 ,0.963 ,0.833 ,-65.806 ,-18.874 ,14.482 ,177.680 ,0.590 ,1.000
 ,0.986 ,0.944 ,-68.012 ,-18.836 ,12.848 ,161.428 ,0.599 ,1.000
 ,0.984 ,0.938 ,-64.860 ,-19.476 ,16.836 ,242.555 ,0.587 ,1.000
 ,0.952 ,0.833 ,-67.962 ,-18.743 ,14.362 ,181.947 ,0.584 ,1.000
 ,0.957 ,0.813 ,-67.175 ,-19.805 ,13.093 ,153.751 ,0.589 ,1.000
 ,0.941 ,0.867 ,-68.288 ,-18.866 ,11.515 ,173.648 ,0.580 ,1.000
 ,0.975 ,0.917 ,-66.925 ,-19.471 ,11.340 ,153.723 ,0.729 ,1.000
 ,0.985 ,0.963 ,-63.536 ,-19.068 ,13.336 ,130.402 ,0.705 ,1.000
 ,0.953 ,0.833 ,-66.960 ,-19.776 ,13.829 ,155.575 ,0.724 ,1.000
 ,0.945 ,0.839 ,-68.930 ,-19.147 ,11.579 ,158.028 ,0.696 ,1.000
 ,0.966 ,0.953 ,-64.884 ,-19.466 ,12.526 ,138.136 ,0.698 ,1.000
 ,0.977 ,0.920 ,-63.347 ,-19.002 ,14.551 ,118.981 ,0.696 ,1.000
 ,0.978 ,0.926 ,-68.827 ,-19.029 ,12.477 ,153.502 ,0.698 ,1.000
 ,0.859 ,0.865 ,-72.353 ,-17.599 ,15.625 ,121.156 ,0.896 ,2.000
 ,0.866 ,0.951 ,-74.642 ,-17.685 ,14.735 ,113.586 ,0.923 ,2.000
 ,0.850 ,0.977 ,-74.870 ,-17.961 ,15.137 ,113.501 ,0.896 ,2.000
 ,0.931 ,0.961 ,-74.125 ,-17.890 ,15.223 ,103.135 ,0.911 ,2.000
 ,0.904 ,0.956 ,-74.401 ,-17.997 ,15.083 ,123.538 ,0.901 ,2.000
 ,0.901 ,0.951 ,-72.112 ,-18.171 ,15.669 ,138.768 ,0.959 ,2.000
 ,0.954 ,0.961 ,-74.775 ,-17.836 ,14.601 ,99.228 ,0.893 ,2.000
 ,0.975 ,1.000 ,-67.163 ,-17.767 ,14.168 ,99.228 ,0.897 ,2.000
 ,0.922 ,0.941 ,-69.337 ,-18.073 ,14.516 ,98.930 ,0.888 ,2.000
 ,0.925 ,0.925 ,-69.414 ,-17.834 ,15.549 ,121.156 ,0.878 ,2.000
 ,0.941 ,0.979 ,-67.632 ,-18.148 ,16.470 ,98.930 ,0.912 ,2.000
 ,0.947 ,0.979 ,-70.749 ,-18.097 ,14.272 ,87.196 ,0.911 ,2.000
 ,0.952 ,0.929 ,-70.188 ,-18.082 ,14.120 ,90.871 ,0.905 ,2.000
 ,0.934 ,1.000 ,-72.943 ,-18.077 ,14.385 ,94.080 ,0.906 ,2.000
 ,0.918 ,0.973 ,-71.892 ,-17.846 ,5.778 ,61.819 ,0.899 ,3.000
 ,0.928 ,0.917 ,-71.753 ,-18.015 ,6.080 ,71.077 ,0.909 ,3.000
 ,0.908 ,0.843 ,-73.398 ,-18.081 ,5.689 ,70.677 ,0.918 ,3.000
 ,0.920 ,0.868 ,-72.332 ,-18.396 ,5.650 ,64.811 ,0.899 ,3.000
 ,0.857 ,0.833 ,-71.789 ,-18.216 ,5.138 ,54.308 ,0.890 ,3.000
 ,0.933 ,0.947 ,-73.835 ,-18.171 ,5.754 ,64.415 ,0.910 ,3.000
 ,0.922 ,0.930 ,-72.297 ,-18.254 ,5.973 ,60.641 ,0.910 ,3.000
 ,0.956 ,0.959 ,-74.105 ,-18.053 ,8.683 ,69.825 ,0.880 ,3.000
 ,0.946 ,0.944 ,-68.958 ,-17.888 ,8.886 ,78.939 ,0.869 ,3.000
 ,0.921 ,0.861 ,-69.958 ,-18.198 ,8.411 ,78.675 ,0.907 ,3.000
 ,0.982 ,0.976 ,-74.580 ,-18.113 ,8.405 ,83.856 ,0.892 ,3.000
 ,0.954 ,0.973 ,-76.189 ,-17.808 ,8.507 ,74.197 ,0.854 ,3.000
 ,0.954 ,1.000 ,-76.469 ,-18.068 ,8.210 ,68.834 ,0.883 ,3.000
 ,0.956 ,0.895 ,-72.566 ,-18.336 ,8.168 ,73.920 ,0.876 ,3.000
 ,0.960 ,0.978 ,-71.933 ,-18.460 ,7.251 ,70.182 ,0.897 ,3.000
 ,0.981 ,0.929 ,-70.609 ,-18.904 ,15.041 ,108.874 ,0.892 ,4.000
 ,0.976 ,0.897 ,-71.497 ,-19.073 ,14.338 ,96.374 ,0.942 ,4.000
 ,0.973 ,0.878 ,-71.965 ,-18.903 ,13.615 ,101.199 ,0.933 ,4.000
 ,0.974 ,0.848 ,-72.373 ,-18.680 ,13.176 ,99.079 ,0.927 ,4.000
 ,0.994 ,0.977 ,-71.498 ,-18.911 ,13.915 ,98.838 ,0.959 ,4.000
 ,1.000 ,1.000 ,-73.543 ,-18.647 ,13.971 ,102.826 ,0.918 ,4.000
 ,0.990 ,0.944 ,-71.450 ,-18.831 ,13.719 ,93.892 ,0.897 ,4.000
 ,1.000 ,1.000 ,-72.785 ,-18.321 ,16.278 ,138.274 ,0.872 ,4.000
 ,0.994 ,0.972 ,-72.972 ,-18.612 ,15.636 ,118.981 ,0.892 ,4.000
 ,0.989 ,0.949 ,-73.033 ,-18.387 ,15.502 ,133.681 ,0.887 ,4.000
 ,0.990 ,0.955 ,-71.371 ,-18.423 ,15.385 ,109.334 ,0.848 ,4.000
 ,1.000 ,1.000 ,-72.529 ,-18.312 ,14.962 ,116.224 ,0.866 ,4.000
 ,0.994 ,0.974 ,-71.119 ,-18.494 ,15.628 ,113.454 ,0.874 ,4.000
 ,0.984 ,0.936 ,-71.659 ,-18.468 ,15.986 ,108.908 ,0.872 ,4.000
 ,0.954 ,0.690 ,-69.856 ,-19.158 ,15.058 ,104.699 ,0.895 ,4.000
 ,0.971 ,0.760 ,-70.239 ,-19.169 ,15.095 ,118.862 ,0.899 ,4.000
 ,0.944 ,0.677 ,-71.180 ,-19.438 ,14.936 ,116.224 ,0.920 ,4.000
 ,0.958 ,0.625 ,-72.902 ,-19.245 ,13.931 ,108.615 ,0.925 ,4.000
 ,0.943 ,0.714 ,-70.201 ,-19.723 ,14.882 ,98.930 ,0.951 ,4.000
 ,0.921 ,0.464 ,-72.438 ,-19.407 ,14.838 ,133.664 ,0.897 ,4.000
 ,0.912 ,0.457 ,-70.146 ,-19.372 ,16.367 ,118.165 ,0.915 ,4.000
 ,0.896 ,0.459 ,-71.973 ,-19.600 ,15.056 ,98.196 ,0.929 ,4.000
 ,0.936 ,0.571 ,-73.001 ,-19.781 ,14.397 ,98.736 ,0.903 ,4.000
 ,0.911 ,0.379 ,-71.084 ,-19.720 ,15.754 ,113.928 ,0.949 ,4.000
 ,0.936 ,0.645 ,-75.482 ,-19.229 ,13.246 ,118.402 ,0.889 ,4.000
 ,0.926 ,0.500 ,-74.385 ,-19.264 ,13.688 ,113.586 ,0.913 ,4.000
 ,0.933 ,0.586 ,-73.753 ,-19.238 ,13.587 ,138.136 ,0.920 ,4.000
 ,0.932 ,0.536 ,-73.923 ,-19.301 ,13.855 ,103.717 ,0.886 ,4.000
 ,0.967 ,0.696 ,-73.810 ,-18.866 ,13.720 ,98.767 ,0.880 ,4.000
 ,0.951 ,0.724 ,-74.714 ,-18.417 ,13.703 ,113.928 ,0.910 ,4.000
 ,0.955 ,0.742 ,-76.187 ,-19.522 ,11.962 ,94.174 ,0.847 ,4.000
 ,0.972 ,0.824 ,-72.956 ,-19.176 ,15.103 ,98.767 ,0.865 ,4.000
 ,0.961 ,0.774 ,-72.217 ,-19.119 ,14.591 ,118.862 ,0.840 ,4.000
 ,0.965 ,0.794 ,-69.424 ,-18.657 ,14.812 ,94.174 ,0.868 ,4.000
 ,0.987 ,0.965 ,-76.849 ,-18.405 ,12.591 ,89.154 ,1.245 ,5.000
 ,0.996 ,0.988 ,-77.374 ,-18.442 ,11.774 ,78.935 ,1.280 ,5.000
 ,1.000 ,1.000 ,-77.249 ,-18.359 ,11.489 ,79.014 ,1.198 ,5.000
 ,1.000 ,1.000 ,-77.493 ,-18.256 ,12.541 ,74.421 ,1.255 ,5.000
 ,1.000 ,1.000 ,-77.665 ,-18.019 ,11.568 ,74.421 ,1.293 ,5.000
 ,1.000 ,1.000 ,-79.489 ,-18.405 ,11.659 ,78.280 ,1.383 ,5.000
 ,0.991 ,0.979 ,-79.484 ,-18.318 ,11.498 ,79.014 ,1.331 ,5.000
 ,0.995 ,0.986 ,-77.815 ,-18.345 ,12.267 ,78.935 ,1.192 ,5.000
 ,0.996 ,0.988 ,-78.200 ,-18.254 ,12.364 ,83.851 ,1.303 ,5.000
 ,0.996 ,0.989 ,-78.898 ,-18.260 ,11.941 ,74.346 ,1.245 ,5.000
 ,0.992 ,0.975 ,-77.932 ,-18.189 ,12.748 ,92.120 ,1.147 ,5.000
 ,0.996 ,0.986 ,-77.488 ,-18.167 ,12.734 ,89.950 ,1.278 ,5.000
 ,1.000 ,1.000 ,-76.202 ,-18.045 ,12.828 ,85.262 ,1.373 ,5.000
 ,0.996 ,0.987 ,-78.077 ,-18.247 ,12.602 ,89.121 ,1.312 ,5.000
 ,1.000 ,1.000 ,-77.064 ,-18.175 ,12.508 ,84.017 ,1.379 ,5.000
 ,0.992 ,0.989 ,-80.034 ,-18.214 ,12.290 ,79.395 ,1.511 ,5.000
 ,0.996 ,0.987 ,-78.773 ,-17.948 ,12.845 ,89.121 ,1.109 ,5.000
 ,1.000 ,1.000 ,-79.624 ,-17.780 ,12.567 ,87.680 ,1.152 ,5.000
 ,0.987 ,0.966 ,-77.349 ,-18.064 ,14.263 ,89.065 ,1.176 ,5.000
 ,0.996 ,0.988 ,-78.354 ,-18.080 ,13.590 ,96.374 ,1.196 ,5.000
 ,1.000 ,1.000 ,-77.753 ,-18.022 ,13.849 ,96.471 ,1.183 ,5.000
 ,0.991 ,0.975 ,-76.641 ,-17.792 ,14.173 ,86.424 ,1.115 ,5.000
 ,1.000 ,1.000 ,-77.178 ,-17.825 ,14.692 ,92.763 ,1.148 ,5.000
 ,0.992 ,0.978 ,-77.792 ,-17.980 ,13.918 ,88.402 ,1.183 ,5.000
 ,0.995 ,0.987 ,-75.774 ,-18.218 ,13.096 ,91.231 ,1.199 ,5.000
 ,0.996 ,0.986 ,-77.561 ,-18.189 ,13.583 ,98.930 ,1.202 ,5.000
 ,0.983 ,0.953 ,-77.217 ,-18.113 ,13.054 ,79.395 ,1.199 ,5.000
 ,1.000 ,1.000 ,-77.114 ,-18.065 ,12.978 ,93.747 ,1.185 ,5.000
 ,0.991 ,0.975 ,-75.843 ,-18.245 ,13.394 ,99.128 ,1.181 ,5.000
 ,0.996 ,0.986 ,-77.960 ,-17.926 ,12.727 ,89.121 ,1.112 ,5.000
 ,1.000 ,1.000 ,-77.323 ,-18.339 ,13.066 ,89.032 ,1.214 ,5.000
 ,0.991 ,0.988 ,-76.934 ,-18.123 ,13.397 ,96.181 ,1.229 ,5.000
 ,0.952 ,0.903 ,-78.058 ,-19.605 ,8.552 ,118.521 ,0.696 ,6.000
 ,0.872 ,0.703 ,-79.398 ,-20.086 ,7.459 ,103.135 ,0.692 ,6.000
 ,0.965 ,0.893 ,-78.946 ,-19.277 ,8.007 ,131.389 ,0.676 ,6.000
 ,0.974 ,0.917 ,-80.083 ,-19.932 ,6.776 ,117.751 ,0.681 ,6.000
 ,0.972 ,0.917 ,-78.520 ,-19.624 ,8.501 ,131.648 ,0.669 ,6.000
 ,0.964 ,0.885 ,-77.899 ,-19.097 ,8.648 ,127.848 ,0.683 ,6.000
 ,0.986 ,0.964 ,-78.887 ,-19.546 ,7.946 ,142.709 ,0.680 ,6.000
 ,0.973 ,0.914 ,-77.124 ,-18.803 ,10.702 ,155.914 ,0.725 ,6.000
 ,0.977 ,0.931 ,-77.305 ,-18.908 ,11.611 ,175.422 ,0.762 ,6.000
 ,0.989 ,0.964 ,-78.105 ,-18.624 ,10.610 ,158.363 ,0.713 ,6.000
 ,0.990 ,0.964 ,-77.358 ,-18.840 ,11.282 ,177.603 ,0.704 ,6.000
 ,1.000 ,1.000 ,-75.901 ,-18.654 ,11.682 ,168.269 ,0.713 ,6.000
 ,1.000 ,1.000 ,-78.532 ,-18.566 ,11.171 ,177.657 ,0.706 ,6.000
 ,0.977 ,0.931 ,-75.453 ,-18.896 ,12.224 ,192.821 ,0.726 ,6.000
 ,0.981 ,0.968 ,-74.566 ,-19.083 ,10.271 ,117.406 ,0.734 ,6.000
 ,0.955 ,0.852 ,-77.567 ,-19.263 ,10.733 ,147.988 ,0.779 ,6.000
 ,0.989 ,0.957 ,-77.246 ,-19.121 ,10.258 ,136.817 ,0.727 ,6.000
 ,0.989 ,0.969 ,-77.395 ,-19.063 ,9.895 ,123.091 ,0.728 ,6.000
 ,1.000 ,1.000 ,-74.756 ,-19.269 ,10.706 ,157.921 ,0.776 ,6.000
 ,1.000 ,1.000 ,-76.381 ,-18.875 ,10.709 ,173.188 ,0.787 ,6.000
 ,0.979 ,0.939 ,-75.182 ,-18.877 ,10.752 ,148.841 ,0.722 ,6.000
 ,0.973 ,0.952 ,-78.277 ,-18.989 ,8.523 ,144.187 ,0.750 ,6.000
 ,0.963 ,0.893 ,-75.135 ,-19.029 ,10.044 ,176.626 ,0.724 ,6.000
 ,0.989 ,0.972 ,-77.351 ,-19.188 ,9.550 ,142.279 ,0.713 ,6.000
 ,1.000 ,1.000 ,-77.145 ,-19.180 ,9.781 ,152.207 ,0.686 ,6.000
 ,1.000 ,1.000 ,-76.395 ,-18.981 ,9.629 ,161.875 ,0.714 ,6.000
 ,0.987 ,0.972 ,-78.307 ,-19.343 ,8.792 ,142.968 ,0.772 ,6.000
 ,0.962 ,0.893 ,-76.449 ,-18.936 ,9.987 ,167.741 ,0.710 ,6.000
 ,0.982 ,0.954 ,-76.662 ,-18.095 ,12.842 ,93.654 ,0.900 ,7.000
 ,1.000 ,1.000 ,-76.200 ,-18.334 ,13.923 ,98.767 ,0.873 ,7.000
 ,1.000 ,1.000 ,-74.183 ,-17.880 ,14.331 ,124.034 ,0.871 ,7.000
 ,1.000 ,1.000 ,-75.908 ,-18.214 ,13.884 ,99.162 ,0.886 ,7.000
 ,0.983 ,0.944 ,-74.005 ,-18.389 ,15.091 ,99.228 ,0.891 ,7.000
 ,0.994 ,0.979 ,-71.096 ,-17.757 ,14.871 ,118.862 ,0.913 ,7.000
 ,1.000 ,1.000 ,-70.062 ,-18.205 ,14.136 ,118.862 ,0.862 ,7.000
 ,0.983 ,0.921 ,-69.708 ,-18.290 ,15.417 ,124.034 ,0.865 ,7.000
 ,1.000 ,1.000 ,-72.415 ,-18.154 ,14.930 ,104.814 ,0.997 ,7.000
 ,0.993 ,1.000 ,-69.746 ,-18.326 ,12.639 ,118.521 ,0.883 ,7.000
 ,1.000 ,1.000 ,-71.022 ,-18.136 ,15.117 ,121.278 ,0.942 ,7.000
 ,0.995 ,0.975 ,-71.921 ,-18.179 ,15.008 ,127.707 ,0.890 ,7.000
 ,1.000 ,1.000 ,-71.309 ,-18.214 ,15.119 ,118.862 ,0.971 ,7.000
 ,0.994 ,0.978 ,-68.415 ,-18.232 ,15.769 ,104.617 ,0.888 ,7.000
 ,1.000 ,1.000 ,-69.888 ,-17.884 ,16.058 ,128.499 ,0.851 ,7.000
 ,1.000 ,1.000 ,-72.421 ,-18.274 ,15.138 ,124.814 ,0.897 ,7.000
 ,1.000 ,1.000 ,-70.092 ,-18.451 ,14.887 ,109.334 ,0.906 ,7.000
 ,0.995 ,0.983 ,-74.787 ,-18.424 ,15.209 ,113.928 ,0.876 ,7.000
 ,0.981 ,0.940 ,-69.824 ,-18.166 ,15.486 ,136.725 ,0.980 ,7.000
 ,0.994 ,0.978 ,-73.055 ,-18.189 ,14.125 ,113.961 ,0.869 ,7.000
 ,0.985 ,0.945 ,-69.857 ,-18.003 ,15.619 ,137.617 ,0.898 ,7.000
 ,0.988 ,0.951 ,-71.288 ,-18.479 ,15.048 ,118.402 ,0.922 ,7.000
 ,0.995 ,0.975 ,-71.271 ,-18.324 ,14.473 ,113.272 ,0.908 ,7.000
 ,0.994 ,0.979 ,-70.134 ,-18.453 ,15.359 ,114.870 ,0.941 ,7.000
 ,0.994 ,0.976 ,-71.604 ,-18.282 ,15.195 ,118.402 ,0.865 ,7.000
 ,0.989 ,0.953 ,-72.478 ,-17.907 ,15.467 ,124.034 ,0.936 ,7.000
 ,0.994 ,0.980 ,-72.038 ,-19.017 ,15.026 ,112.896 ,0.937 ,7.000
 ,0.984 ,0.960 ,-71.173 ,-18.271 ,14.270 ,98.767 ,0.888 ,7.000
 ,0.989 ,0.952 ,-71.460 ,-18.022 ,15.099 ,118.624 ,0.910 ,7.000
 ,0.986 ,0.964 ,-70.990 ,-18.478 ,14.529 ,118.085 ,0.956 ,7.000
 ,1.000 ,1.000 ,-72.571 ,-18.131 ,15.248 ,109.359 ,0.869 ,7.000
 ,0.994 ,0.981 ,-71.531 ,-18.415 ,14.877 ,113.928 ,0.921 ,7.000
 ,0.981 ,0.951 ,-73.743 ,-18.153 ,14.493 ,99.228 ,0.881 ,7.000
 ,0.994 ,0.966 ,-71.604 ,-17.804 ,15.194 ,137.678 ,0.912 ,7.000
 ,1.000 ,1.000 ,-70.749 ,-18.009 ,15.171 ,103.888 ,0.931 ,7.000
 ,0.994 ,0.971 ,-72.730 ,-17.727 ,15.759 ,137.622 ,0.891 ,7.000
 ,1.000 ,1.000 ,-76.561 ,-18.228 ,13.892 ,112.320 ,0.914 ,7.000
 ,0.994 ,0.974 ,-74.980 ,-17.943 ,14.951 ,127.690 ,0.880 ,7.000
 ,0.988 ,0.961 ,-73.029 ,-18.429 ,13.923 ,118.402 ,0.926 ,7.000
 ,0.995 ,0.978 ,-76.313 ,-18.116 ,14.062 ,113.928 ,0.889 ,7.000
 ,1.000 ,1.000 ,-77.495 ,-17.968 ,14.235 ,125.244 ,0.894 ,7.000
 ,1.000 ,1.000 ,-75.452 ,-18.015 ,14.858 ,128.499 ,0.866 ,7.000
 ,0.989 ,0.964 ,-72.934 ,-18.051 ,15.044 ,103.821 ,0.906 ,7.000
 ,0.994 ,0.976 ,-75.394 ,-18.286 ,14.931 ,153.281 ,0.879 ,7.000
 ,1.000 ,1.000 ,-75.691 ,-18.227 ,14.366 ,121.278 ,0.924 ,7.000
 ,0.983 ,0.940 ,-73.714 ,-18.399 ,14.046 ,118.503 ,0.868 ,7.000
 ,0.994 ,0.982 ,-73.448 ,-17.991 ,14.883 ,114.341 ,0.877 ,7.000
 ,0.994 ,0.977 ,-74.604 ,-18.746 ,14.753 ,127.652 ,0.949 ,7.000
 ,1.000 ,1.000 ,-74.187 ,-18.201 ,15.935 ,124.034 ,0.963 ,7.000
 ,0.989 ,0.957 ,-72.183 ,-18.045 ,14.639 ,108.547 ,0.887 ,7.000
 ,0.994 ,0.976 ,-70.746 ,-17.736 ,14.503 ,123.848 ,0.894 ,7.000
 ,0.988 ,0.955 ,-71.424 ,-18.169 ,14.807 ,132.369 ,0.903 ,7.000
 ,0.994 ,0.977 ,-70.669 ,-18.260 ,15.396 ,118.402 ,0.910 ,7.000
 ,0.995 ,0.964 ,-70.433 ,-17.442 ,16.178 ,130.465 ,0.880 ,7.000
 ,1.000 ,1.000 ,-71.679 ,-18.400 ,14.019 ,113.928 ,0.880 ,7.000
 ,0.989 ,0.958 ,-69.625 ,-18.161 ,15.818 ,103.888 ,0.886 ,7.000
 ,0.994 ,0.982 ,-69.000 ,-18.444 ,15.693 ,123.036 ,0.901 ,7.000
 ,0.995 ,0.980 ,-74.743 ,-18.470 ,14.691 ,123.910 ,0.897 ,7.000
 ,0.994 ,0.982 ,-73.099 ,-18.535 ,14.636 ,121.278 ,0.944 ,7.000
 ,0.988 ,0.970 ,-70.948 ,-18.588 ,14.952 ,111.065 ,0.982 ,7.000
 ,0.995 ,0.985 ,-70.942 ,-18.883 ,14.431 ,99.128 ,0.929 ,7.000
 ,0.988 ,0.959 ,-71.798 ,-18.660 ,13.110 ,113.242 ,0.921 ,7.000
 ,0.979 ,0.930 ,-72.549 ,-18.589 ,14.962 ,99.128 ,0.918 ,7.000
 ,0.995 ,0.975 ,-72.512 ,-18.236 ,15.068 ,113.847 ,0.940 ,7.000
 ,1.000 ,1.000 ,-74.734 ,-18.313 ,14.375 ,140.902 ,0.966 ,7.000
 ,0.994 ,0.977 ,-73.587 ,-18.448 ,14.515 ,123.091 ,0.957 ,7.000
 ,0.988 ,0.965 ,-70.233 ,-18.415 ,15.217 ,113.961 ,0.932 ,7.000
 ,1.000 ,1.000 ,-72.864 ,-18.327 ,14.704 ,98.668 ,0.922 ,7.000
 ,0.987 ,0.938 ,-76.448 ,-18.172 ,14.883 ,153.434 ,0.906 ,7.000
 ,0.989 ,0.929 ,-75.013 ,-17.824 ,14.520 ,152.207 ,0.885 ,7.000
 ,0.994 ,0.973 ,-72.433 ,-17.976 ,15.958 ,145.165 ,0.842 ,7.000
 ,1.000 ,1.000 ,-72.584 ,-18.115 ,14.351 ,128.242 ,0.860 ,7.000
 ,0.994 ,0.971 ,-71.667 ,-18.257 ,16.168 ,140.608 ,0.855 ,7.000
 ,0.994 ,0.979 ,-73.828 ,-18.096 ,15.485 ,121.156 ,0.869 ,7.000
 ,0.990 ,0.953 ,-73.652 ,-17.950 ,14.443 ,99.228 ,0.848 ,7.000
 ,0.994 ,0.974 ,-71.441 ,-18.154 ,15.000 ,121.156 ,0.832 ,7.000
 ,1.000 ,0.976 ,-69.365 ,-17.904 ,16.918 ,156.191 ,0.849 ,7.000
 ,0.994 ,0.972 ,-69.963 ,-17.550 ,14.295 ,113.928 ,0.864 ,7.000
 ,0.994 ,0.975 ,-69.141 ,-17.862 ,14.280 ,108.874 ,0.891 ,7.000
 ,1.000 ,1.000 ,-67.127 ,-18.201 ,14.398 ,113.928 ,0.884 ,7.000
 ,0.995 ,0.971 ,-66.129 ,-17.673 ,16.144 ,118.521 ,0.893 ,7.000
 ,0.993 ,0.967 ,-73.701 ,-17.955 ,13.200 ,120.307 ,0.876 ,7.000
 ,0.995 ,0.978 ,-69.324 ,-17.805 ,15.242 ,118.521 ,0.901 ,7.000
 ,1.000 ,1.000 ,-68.668 ,-18.147 ,15.991 ,124.995 ,0.921 ,7.000
 ,0.988 ,0.943 ,-73.781 ,-18.249 ,14.942 ,148.395 ,0.869 ,7.000
 ,1.000 ,1.000 ,-74.729 ,-18.126 ,14.631 ,140.467 ,0.856 ,7.000
 ,1.000 ,1.000 ,-74.488 ,-17.879 ,14.433 ,118.981 ,0.855 ,7.000
 ,0.995 ,0.981 ,-72.609 ,-17.827 ,15.396 ,98.930 ,0.866 ,7.000
 ,0.993 ,0.977 ,-71.846 ,-18.261 ,15.473 ,148.692 ,0.874 ,7.000
 ,1.000 ,1.000 ,-72.848 ,-18.221 ,15.099 ,124.034 ,0.877 ,7.000
 ,0.994 ,1.000 ,-74.279 ,-18.252 ,14.609 ,116.108 ,0.890 ,7.000
 ,0.994 ,0.982 ,-70.489 ,-18.359 ,14.535 ,113.047 ,0.950 ,7.000
 ,1.000 ,0.977 ,-70.427 ,-18.082 ,15.960 ,132.168 ,0.910 ,7.000
 ,1.000 ,1.000 ,-72.927 ,-17.999 ,13.733 ,111.288 ,0.901 ,7.000
 ,0.994 ,0.980 ,-70.899 ,-17.814 ,15.910 ,123.910 ,0.929 ,7.000
 ,1.000 ,1.000 ,-74.423 ,-17.810 ,13.296 ,89.121 ,0.897 ,7.000
 ,1.000 ,1.000 ,-72.386 ,-17.935 ,14.102 ,123.538 ,0.886 ,7.000
 ,0.995 ,0.978 ,-71.997 ,-18.025 ,14.395 ,102.828 ,0.884 ,7.000
 ,0.988 ,0.946 ,-70.979 ,-17.862 ,15.627 ,128.112 ,0.869 ,7.000
 ,1.000 ,0.971 ,-74.309 ,-18.056 ,13.393 ,121.190 ,0.869 ,7.000
 ,1.000 ,1.000 ,-72.789 ,-18.188 ,13.643 ,113.814 ,0.873 ,7.000
 ,0.981 ,0.918 ,-71.804 ,-18.037 ,16.110 ,132.762 ,0.881 ,7.000
 ,1.000 ,1.000 ,-72.827 ,-18.030 ,14.570 ,116.050 ,0.874 ,7.000
 ,0.994 ,0.981 ,-73.424 ,-18.265 ,13.914 ,103.886 ,0.887 ,7.000
 ,1.000 ,1.000 ,-72.778 ,-17.989 ,14.668 ,123.662 ,0.880 ,7.000
 ,0.989 ,0.950 ,-71.611 ,-18.201 ,14.905 ,116.315 ,0.892 ,7.000
 ,1.000 ,1.000 ,-70.678 ,-18.147 ,15.557 ,128.234 ,0.901 ,7.000
 ,1.000 ,1.000 ,-72.475 ,-18.220 ,13.778 ,113.653 ,0.913 ,7.000
 ,1.000 ,0.982 ,-71.352 ,-18.209 ,14.765 ,106.578 ,0.900 ,7.000
 ,0.994 ,0.977 ,-74.655 ,-17.661 ,14.620 ,108.547 ,0.888 ,7.000
 ,0.994 ,0.971 ,-72.443 ,-18.265 ,14.917 ,123.848 ,0.893 ,7.000
 ,0.994 ,0.978 ,-75.319 ,-18.337 ,13.806 ,113.501 ,0.895 ,7.000
 ,1.000 ,1.000 ,-73.346 ,-18.714 ,13.722 ,128.113 ,0.913 ,7.000
 ,0.994 ,1.000 ,-70.232 ,-18.319 ,15.838 ,118.538 ,0.899 ,7.000
 ,0.995 ,0.979 ,-71.341 ,-18.160 ,14.643 ,108.481 ,0.899 ,7.000
 ,0.988 ,0.985 ,-71.765 ,-18.351 ,13.691 ,111.040 ,0.925 ,7.000
 ,0.994 ,0.981 ,-71.745 ,-18.395 ,15.714 ,121.126 ,0.891 ,7.000
 ,0.989 ,0.968 ,-70.173 ,-18.061 ,14.835 ,99.261 ,0.859 ,7.000
 ,0.989 ,0.966 ,-73.825 ,-18.412 ,15.021 ,118.981 ,0.881 ,7.000
 ,1.000 ,1.000 ,-69.724 ,-18.038 ,15.266 ,120.914 ,0.919 ,7.000
 ,0.985 ,0.962 ,-70.240 ,-18.159 ,14.928 ,99.228 ,0.930 ,7.000
 ,1.000 ,1.000 ,-71.953 ,-18.175 ,14.340 ,104.306 ,0.916 ,7.000
 ,1.000 ,1.000 ,-67.788 ,-17.740 ,16.418 ,116.224 ,0.886 ,7.000
 ,0.989 ,0.959 ,-69.748 ,-18.152 ,14.861 ,103.784 ,0.915 ,7.000
 ,1.000 ,1.000 ,-68.880 ,-17.998 ,17.092 ,128.661 ,0.890 ,7.000
 ,0.994 ,0.981 ,-70.314 ,-18.185 ,14.804 ,108.886 ,0.936 ,7.000
 ,1.000 ,1.000 ,-74.218 ,-18.082 ,14.759 ,116.224 ,0.904 ,7.000
 ,0.988 ,0.981 ,-74.082 ,-18.076 ,15.285 ,128.532 ,0.882 ,7.000
 ,1.000 ,1.000 ,-73.902 ,-18.159 ,14.417 ,111.093 ,0.875 ,7.000
 ,0.982 ,0.945 ,-75.614 ,-18.611 ,14.191 ,98.930 ,0.940 ,7.000
 ,0.982 ,0.940 ,-75.417 ,-18.467 ,15.211 ,118.981 ,0.922 ,7.000
 ,1.000 ,1.000 ,-75.507 ,-18.036 ,14.475 ,103.151 ,0.924 ,7.000
 ,0.994 ,0.980 ,-75.345 ,-18.238 ,15.352 ,103.135 ,0.903 ,7.000
 ,0.994 ,0.980 ,-72.452 ,-17.986 ,14.305 ,108.711 ,0.864 ,7.000
 ,0.995 ,0.980 ,-70.676 ,-18.300 ,13.990 ,108.481 ,0.904 ,7.000
 ,0.994 ,0.977 ,-71.234 ,-17.761 ,14.248 ,113.928 ,0.892 ,7.000
 ,1.000 ,1.000 ,-72.608 ,-18.118 ,13.996 ,96.471 ,0.912 ,7.000
 ,1.000 ,1.000 ,-69.647 ,-17.907 ,15.327 ,118.402 ,0.839 ,7.000
 ,0.994 ,0.976 ,-72.572 ,-18.093 ,14.340 ,114.846 ,0.876 ,7.000
 ,1.000 ,1.000 ,-74.101 ,-18.051 ,15.261 ,128.981 ,0.900 ,7.000
 ,0.990 ,0.957 ,-70.598 ,-17.841 ,14.463 ,103.854 ,0.869 ,7.000
 ,0.984 ,0.929 ,-67.822 ,-17.784 ,15.347 ,125.287 ,0.827 ,7.000
 ,1.000 ,1.000 ,-70.560 ,-17.615 ,14.906 ,145.020 ,0.852 ,7.000
 ,0.988 ,0.953 ,-70.559 ,-17.714 ,14.992 ,113.501 ,0.823 ,7.000
 ,1.000 ,1.000 ,-68.689 ,-17.979 ,14.080 ,98.898 ,0.876 ,7.000
 ,0.983 ,0.927 ,-66.522 ,-17.822 ,15.692 ,134.111 ,0.857 ,7.000
 ,1.000 ,1.000 ,-71.231 ,-17.957 ,14.374 ,121.278 ,0.833 ,7.000
 ,1.000 ,1.000 ,-73.597 ,-17.804 ,15.105 ,123.910 ,0.876 ,7.000
 ,1.000 ,1.000 ,-71.094 ,-18.007 ,16.013 ,119.695 ,0.863 ,7.000
 ,1.000 ,1.000 ,-70.286 ,-18.071 ,15.723 ,135.978 ,0.881 ,7.000
 ,0.995 ,0.979 ,-75.370 ,-17.973 ,13.018 ,99.128 ,0.874 ,7.000
 ,0.974 ,0.902 ,-73.078 ,-18.018 ,14.873 ,113.928 ,0.862 ,7.000
 ,0.989 ,0.959 ,-72.598 ,-17.782 ,14.632 ,113.928 ,0.857 ,7.000
 ,1.000 ,1.000 ,-72.695 ,-17.863 ,14.113 ,111.204 ,0.879 ,7.000
 ,0.994 ,0.979 ,-75.129 ,-17.837 ,14.200 ,108.481 ,0.919 ,7.000
 ,0.994 ,0.966 ,-72.449 ,-17.642 ,15.927 ,143.788 ,0.805 ,7.000
 ,0.994 ,0.980 ,-73.192 ,-17.943 ,14.712 ,102.705 ,0.897 ,7.000
 ,0.995 ,1.000 ,-75.551 ,-18.132 ,14.166 ,99.128 ,0.920 ,7.000
 ,1.000 ,1.000 ,-72.308 ,-18.208 ,14.468 ,103.784 ,0.896 ,7.000
 ,0.984 ,0.940 ,-71.380 ,-18.084 ,15.839 ,113.501 ,0.921 ,7.000
 ,1.000 ,0.971 ,-73.063 ,-17.890 ,14.307 ,116.435 ,0.889 ,7.000
 ,1.000 ,1.000 ,-71.003 ,-18.486 ,16.098 ,147.936 ,0.921 ,7.000
 ,0.986 ,0.951 ,-69.236 ,-17.813 ,16.197 ,160.784 ,0.910 ,7.000
 ,1.000 ,1.000 ,-70.569 ,-18.452 ,15.659 ,103.854 ,0.880 ,7.000
 ,1.000 ,1.000 ,-71.077 ,-18.066 ,15.692 ,138.136 ,0.879 ,7.000
 ,1.000 ,1.000 ,-69.662 ,-18.337 ,15.814 ,143.218 ,0.910 ,7.000
 ,1.000 ,1.000 ,-72.183 ,-18.151 ,14.934 ,124.034 ,0.915 ,7.000
 ,1.000 ,1.000 ,-71.728 ,-18.031 ,15.276 ,124.034 ,0.903 ,7.000
 ,1.000 ,1.000 ,-72.513 ,-17.775 ,14.216 ,110.188 ,0.878 ,7.000
 ,0.995 ,0.982 ,-70.677 ,-18.072 ,15.309 ,99.228 ,0.913 ,7.000
 ,0.987 ,0.953 ,-70.516 ,-17.911 ,15.888 ,156.214 ,0.899 ,7.000
 ,1.000 ,1.000 ,-71.021 ,-17.329 ,15.643 ,123.910 ,0.858 ,7.000
 ,0.995 ,0.971 ,-71.959 ,-17.692 ,16.219 ,127.742 ,0.879 ,7.000
 ,0.989 ,0.939 ,-73.673 ,-17.564 ,15.145 ,128.499 ,0.860 ,7.000
 ,0.984 ,0.932 ,-71.421 ,-18.131 ,15.102 ,108.604 ,0.937 ,7.000
 ,0.984 ,0.943 ,-73.825 ,-17.921 ,15.797 ,113.619 ,0.902 ,7.000
 ,1.000 ,1.000 ,-75.092 ,-17.963 ,15.017 ,103.135 ,0.939 ,7.000
 ,0.995 ,0.981 ,-73.702 ,-18.293 ,15.954 ,124.034 ,0.967 ,7.000
 ,1.000 ,1.000 ,-72.221 ,-18.008 ,15.672 ,121.278 ,0.958 ,7.000
 ,0.994 ,0.980 ,-70.901 ,-18.118 ,15.188 ,112.575 ,0.908 ,7.000
 ,0.972 ,0.918 ,-69.701 ,-18.276 ,15.613 ,99.228 ,0.956 ,7.000
 ,0.989 ,0.965 ,-71.462 ,-18.556 ,14.329 ,99.228 ,0.894 ,7.000
 ,0.983 ,0.927 ,-74.082 ,-17.888 ,13.196 ,108.507 ,0.872 ,7.000
 ,0.970 ,0.872 ,-74.247 ,-17.909 ,15.537 ,118.624 ,0.850 ,7.000
 ,1.000 ,1.000 ,-73.627 ,-17.727 ,15.712 ,150.941 ,0.871 ,7.000
 ,1.000 ,1.000 ,-73.323 ,-18.301 ,15.911 ,123.538 ,0.882 ,7.000
 ,0.987 ,0.958 ,-72.843 ,-18.439 ,15.271 ,118.402 ,0.877 ,7.000
 ,0.994 ,0.978 ,-73.808 ,-18.124 ,14.371 ,123.910 ,0.865 ,7.000
 ,0.988 ,0.955 ,-71.933 ,-18.452 ,13.972 ,118.981 ,0.863 ,7.000
 ,0.995 ,0.982 ,-71.154 ,-18.080 ,14.572 ,94.174 ,0.891 ,7.000
 ,0.989 ,0.962 ,-69.115 ,-18.372 ,14.874 ,120.238 ,0.871 ,7.000
 ,0.994 ,0.980 ,-67.511 ,-18.273 ,14.882 ,98.668 ,0.920 ,7.000
 ,0.989 ,0.981 ,-68.949 ,-18.336 ,13.859 ,93.882 ,0.930 ,7.000
 ,0.982 ,0.932 ,-70.119 ,-18.281 ,12.972 ,118.402 ,0.914 ,7.000
 ,1.000 ,1.000 ,-71.148 ,-18.266 ,14.603 ,116.108 ,0.921 ,7.000
 ,1.000 ,1.000 ,-71.677 ,-18.368 ,13.535 ,109.334 ,0.928 ,7.000
 ,0.980 ,0.948 ,-71.270 ,-18.113 ,13.728 ,113.961 ,0.960 ,7.000
 ,1.000 ,1.000 ,-68.279 ,-17.971 ,15.774 ,138.768 ,0.932 ,7.000
 ,1.000 ,1.000 ,-69.323 ,-17.901 ,15.829 ,128.628 ,0.870 ,7.000
 ,0.994 ,0.979 ,-72.682 ,-17.953 ,14.409 ,108.394 ,0.900 ,7.000
 ,1.000 ,1.000 ,-69.197 ,-17.822 ,14.934 ,133.744 ,0.891 ,7.000
 ,1.000 ,1.000 ,-70.417 ,-18.089 ,15.130 ,128.583 ,0.882 ,7.000
 ,1.000 ,1.000 ,-71.945 ,-18.051 ,14.992 ,138.734 ,0.872 ,7.000
 ,1.000 ,1.000 ,-72.203 ,-18.442 ,14.739 ,113.619 ,0.917 ,7.000
 ,1.000 ,1.000 ,-73.701 ,-18.615 ,13.846 ,118.402 ,0.940 ,7.000
 ,0.982 ,0.942 ,-74.428 ,-18.416 ,13.907 ,99.228 ,0.943 ,7.000
 ,0.988 ,0.958 ,-71.344 ,-18.599 ,14.965 ,121.278 ,0.882 ,7.000
 ,1.000 ,1.000 ,-76.426 ,-18.356 ,13.996 ,113.928 ,0.920 ,7.000
 ,0.994 ,0.980 ,-72.061 ,-18.262 ,14.022 ,98.831 ,0.883 ,7.000
 ,1.000 ,1.000 ,-77.213 ,-18.161 ,14.283 ,121.278 ,0.894 ,7.000
 ,1.000 ,1.000 ,-70.974 ,-18.040 ,15.208 ,136.305 ,0.947 ,7.000
 ,1.000 ,1.000 ,-70.118 ,-18.144 ,16.213 ,118.521 ,0.951 ,7.000
 ,0.994 ,0.980 ,-71.235 ,-18.274 ,15.456 ,116.091 ,0.960 ,7.000
 ,0.995 ,0.978 ,-69.786 ,-18.248 ,13.731 ,99.228 ,0.969 ,7.000
 ,1.000 ,1.000 ,-72.168 ,-18.119 ,15.891 ,121.156 ,0.944 ,7.000
 ,1.000 ,1.000 ,-71.168 ,-18.181 ,15.865 ,113.814 ,0.951 ,7.000
 ,1.000 ,1.000 ,-71.434 ,-18.238 ,15.149 ,109.550 ,0.947 ,7.000
 ,1.000 ,1.000 ,-72.216 ,-17.857 ,14.944 ,138.629 ,0.896 ,7.000
 ,1.000 ,1.000 ,-69.662 ,-17.995 ,14.875 ,123.451 ,0.901 ,7.000
 ,1.000 ,1.000 ,-70.451 ,-18.101 ,15.787 ,121.278 ,0.931 ,7.000
 ,1.000 ,1.000 ,-69.413 ,-18.002 ,15.670 ,131.384 ,0.921 ,7.000
 ,1.000 ,1.000 ,-71.977 ,-17.975 ,13.735 ,108.953 ,0.919 ,7.000
 ,1.000 ,1.000 ,-71.945 ,-18.183 ,14.049 ,120.914 ,0.916 ,7.000
 ,0.994 ,0.984 ,-70.778 ,-18.104 ,14.852 ,117.572 ,0.938 ,7.000
 ,0.994 ,0.982 ,-73.214 ,-18.133 ,14.341 ,118.402 ,0.868 ,7.000
 ,0.989 ,0.955 ,-70.525 ,-18.014 ,16.028 ,118.981 ,0.893 ,7.000
 ,1.000 ,1.000 ,-72.915 ,-18.057 ,15.664 ,108.874 ,0.874 ,7.000
 ,1.000 ,1.000 ,-74.004 ,-18.198 ,14.549 ,123.321 ,0.860 ,7.000
 ,0.981 ,0.925 ,-75.538 ,-18.167 ,12.490 ,108.874 ,0.863 ,7.000
 ,1.000 ,1.000 ,-71.949 ,-17.947 ,16.035 ,124.034 ,0.858 ,7.000
 ,0.995 ,0.979 ,-74.157 ,-18.285 ,14.663 ,115.092 ,0.907 ,7.000
 ,0.977 ,0.915 ,-70.361 ,-18.334 ,14.507 ,124.034 ,0.933 ,7.000
 ,0.989 ,0.950 ,-68.188 ,-18.267 ,16.000 ,128.242 ,0.876 ,7.000
 ,0.987 ,0.957 ,-68.568 ,-18.654 ,13.935 ,121.278 ,0.901 ,7.000
 ,1.000 ,1.000 ,-68.802 ,-18.306 ,15.618 ,133.184 ,0.883 ,7.000
 ,0.994 ,0.976 ,-69.985 ,-18.311 ,13.712 ,126.133 ,0.960 ,7.000
 ,0.994 ,0.973 ,-70.412 ,-18.338 ,14.262 ,123.662 ,0.895 ,7.000
 ,0.994 ,0.981 ,-70.219 ,-18.560 ,15.501 ,123.608 ,0.946 ,7.000
 ,1.000 ,1.000 ,-72.409 ,-18.287 ,12.712 ,93.072 ,0.877 ,7.000
 ,0.994 ,0.979 ,-70.681 ,-18.469 ,14.480 ,108.481 ,0.901 ,7.000
 ,0.995 ,0.976 ,-71.490 ,-17.827 ,14.659 ,118.521 ,0.839 ,7.000
 ,1.000 ,1.000 ,-74.496 ,-17.694 ,14.710 ,116.108 ,0.858 ,7.000
 ,1.000 ,1.000 ,-73.819 ,-17.691 ,12.756 ,98.930 ,0.887 ,7.000
 ,0.994 ,0.976 ,-73.872 ,-18.137 ,13.935 ,118.521 ,0.891 ,7.000
 ,1.000 ,1.000 ,-70.136 ,-17.818 ,14.442 ,107.108 ,0.882 ,7.000
 ,0.994 ,0.980 ,-71.402 ,-18.416 ,14.986 ,113.175 ,0.889 ,7.000
 ,1.000 ,1.000 ,-71.899 ,-18.109 ,15.438 ,113.501 ,0.918 ,7.000
 ,0.987 ,0.961 ,-71.274 ,-18.261 ,15.101 ,123.662 ,0.887 ,7.000
 ,0.995 ,0.976 ,-72.550 ,-17.981 ,15.249 ,118.165 ,0.887 ,7.000
 ,1.000 ,1.000 ,-71.597 ,-18.252 ,14.829 ,130.368 ,0.890 ,7.000
 ,1.000 ,1.000 ,-73.301 ,-18.116 ,14.350 ,108.908 ,0.871 ,7.000
 ,0.982 ,0.945 ,-72.766 ,-17.944 ,15.130 ,113.586 ,0.889 ,7.000
 ,1.000 ,1.000 ,-73.122 ,-18.245 ,14.093 ,116.477 ,0.951 ,7.000
 ,0.995 ,0.979 ,-72.423 ,-18.246 ,14.320 ,116.050 ,0.898 ,7.000
 ,0.994 ,0.984 ,-68.871 ,-18.355 ,15.428 ,128.234 ,0.968 ,7.000
 ,1.000 ,1.000 ,-74.901 ,-18.081 ,13.475 ,110.183 ,0.910 ,7.000
 ,0.994 ,0.976 ,-70.084 ,-18.307 ,15.014 ,124.955 ,0.903 ,7.000
 ,0.982 ,0.946 ,-69.621 ,-18.230 ,16.358 ,131.775 ,0.930 ,7.000
 ,0.969 ,0.889 ,-70.716 ,-18.055 ,14.317 ,99.261 ,0.886 ,7.000
 ,1.000 ,1.000 ,-73.504 ,-18.002 ,14.918 ,118.402 ,0.890 ,7.000
 ,0.995 ,0.976 ,-75.111 ,-17.643 ,13.309 ,118.896 ,0.875 ,7.000
 ,0.994 ,0.981 ,-74.076 ,-18.141 ,14.333 ,121.278 ,0.904 ,7.000
 ,0.994 ,0.981 ,-73.388 ,-17.781 ,14.455 ,112.557 ,0.877 ,7.000
 ,0.993 ,0.982 ,-72.388 ,-18.035 ,15.270 ,143.788 ,0.884 ,7.000
 ,1.000 ,1.000 ,-72.607 ,-17.624 ,15.163 ,123.662 ,0.849 ,7.000
 ,1.000 ,1.000 ,-71.152 ,-18.074 ,15.809 ,121.278 ,0.896 ,7.000
 ,0.994 ,0.981 ,-70.257 ,-17.906 ,15.626 ,133.681 ,0.889 ,7.000
 ,1.000 ,1.000 ,-72.936 ,-17.813 ,14.561 ,148.395 ,0.886 ,7.000
 ,1.000 ,1.000 ,-68.839 ,-17.951 ,16.317 ,135.570 ,0.888 ,7.000
 ,0.994 ,0.979 ,-67.767 ,-17.861 ,14.813 ,135.603 ,0.900 ,7.000
 ,0.994 ,0.981 ,-71.603 ,-18.151 ,15.145 ,118.981 ,0.893 ,7.000
 ,1.000 ,1.000 ,-70.192 ,-17.589 ,15.337 ,133.055 ,0.873 ,7.000
 ,1.000 ,1.000 ,-72.568 ,-18.269 ,14.783 ,108.874 ,0.892 ,7.000
 ,1.000 ,1.000 ,-68.908 ,-17.969 ,15.476 ,135.875 ,0.865 ,7.000
 ,1.000 ,1.000 ,-70.779 ,-18.115 ,15.531 ,137.617 ,0.873 ,7.000
 ,0.994 ,0.975 ,-68.823 ,-18.057 ,14.941 ,133.121 ,0.878 ,7.000
 ,1.000 ,1.000 ,-72.341 ,-18.236 ,14.735 ,113.928 ,0.879 ,7.000
 ,1.000 ,1.000 ,-71.375 ,-18.159 ,15.116 ,113.016 ,0.876 ,7.000
 ,1.000 ,1.000 ,-70.688 ,-17.887 ,15.304 ,124.034 ,0.852 ,7.000
 ,1.000 ,1.000 ,-77.106 ,-18.543 ,13.789 ,132.470 ,0.895 ,7.000
 ,1.000 ,1.000 ,-72.587 ,-17.979 ,14.788 ,118.981 ,0.904 ,7.000
 ,1.000 ,1.000 ,-73.266 ,-17.803 ,14.662 ,142.169 ,0.887 ,7.000
 ,0.994 ,0.977 ,-72.608 ,-17.936 ,15.128 ,116.684 ,0.865 ,7.000
 ,1.000 ,1.000 ,-73.645 ,-17.933 ,14.693 ,111.238 ,0.888 ,7.000
 ,0.993 ,0.981 ,-73.506 ,-18.086 ,15.052 ,118.521 ,0.892 ,7.000
 ,1.000 ,1.000 ,-70.447 ,-18.451 ,15.376 ,138.136 ,0.881 ,7.000
 ,0.988 ,0.949 ,-71.553 ,-18.091 ,15.851 ,140.048 ,0.872 ,7.000
 ,1.000 ,1.000 ,-70.635 ,-18.078 ,14.860 ,113.753 ,0.909 ,7.000
 ,0.994 ,0.978 ,-69.572 ,-18.039 ,15.333 ,113.586 ,0.904 ,7.000
 ,0.983 ,0.943 ,-68.903 ,-18.309 ,15.976 ,99.228 ,0.903 ,7.000
 ,0.989 ,0.950 ,-68.729 ,-18.001 ,16.801 ,134.007 ,0.906 ,7.000
 ,1.000 ,1.000 ,-71.166 ,-18.215 ,15.264 ,113.928 ,0.923 ,7.000
 ,0.994 ,0.968 ,-68.831 ,-17.998 ,16.679 ,157.440 ,0.850 ,7.000
 ,0.995 ,0.970 ,-71.588 ,-17.919 ,15.376 ,118.165 ,0.882 ,7.000
 ,0.995 ,0.979 ,-69.837 ,-18.161 ,15.465 ,128.242 ,0.906 ,7.000
 ,0.983 ,0.938 ,-70.695 ,-18.183 ,15.358 ,125.190 ,0.906 ,7.000
 ,0.994 ,0.976 ,-69.686 ,-17.970 ,15.998 ,134.189 ,0.892 ,7.000
 ,1.000 ,1.000 ,-72.100 ,-18.030 ,14.538 ,99.228 ,0.880 ,7.000
 ,0.983 ,0.962 ,-71.323 ,-18.054 ,15.415 ,118.981 ,0.909 ,7.000
 ,1.000 ,1.000 ,-71.010 ,-18.432 ,14.883 ,100.306 ,0.919 ,7.000
 ,0.994 ,1.000 ,-71.804 ,-18.174 ,16.074 ,148.692 ,0.875 ,7.000
 ,1.000 ,1.000 ,-71.746 ,-18.097 ,14.944 ,118.521 ,0.903 ,7.000
 ,1.000 ,1.000 ,-71.617 ,-17.700 ,14.747 ,118.862 ,0.850 ,7.000
 ,0.995 ,0.985 ,-75.613 ,-18.119 ,12.550 ,98.668 ,0.871 ,7.000
 ,1.000 ,1.000 ,-70.717 ,-17.860 ,13.923 ,102.602 ,0.861 ,7.000
 ,0.990 ,0.957 ,-71.242 ,-18.041 ,13.547 ,113.847 ,0.890 ,7.000
 ,0.994 ,0.977 ,-74.045 ,-17.969 ,13.972 ,117.521 ,0.869 ,7.000
 ,0.989 ,0.959 ,-70.219 ,-18.166 ,16.645 ,128.242 ,0.853 ,7.000
 ,0.994 ,0.972 ,-71.487 ,-17.867 ,15.734 ,135.774 ,0.856 ,7.000
 ,1.000 ,1.000 ,-71.268 ,-18.484 ,14.629 ,118.402 ,0.873 ,7.000
 ,0.988 ,0.951 ,-76.883 ,-18.196 ,13.951 ,113.961 ,0.900 ,7.000
 ,0.994 ,0.982 ,-74.913 ,-18.287 ,13.652 ,108.547 ,0.879 ,7.000
 ,0.994 ,0.983 ,-71.338 ,-18.289 ,16.076 ,117.572 ,0.937 ,7.000
 ,1.000 ,1.000 ,-74.116 ,-18.007 ,14.036 ,117.751 ,0.914 ,7.000
 ,1.000 ,1.000 ,-72.247 ,-18.369 ,13.883 ,90.401 ,0.842 ,7.000
 ,0.994 ,0.976 ,-72.038 ,-18.083 ,13.984 ,113.757 ,0.901 ,7.000
 ,0.994 ,0.978 ,-71.424 ,-18.622 ,14.898 ,118.588 ,0.904 ,7.000
 ,1.000 ,1.000 ,-71.752 ,-18.319 ,15.864 ,123.538 ,0.864 ,7.000
 ,0.988 ,0.958 ,-71.930 ,-18.494 ,15.068 ,111.070 ,0.909 ,7.000
 ,1.000 ,1.000 ,-70.713 ,-18.292 ,14.579 ,103.717 ,0.900 ,7.000
 ,0.994 ,0.971 ,-71.856 ,-18.907 ,14.043 ,113.387 ,0.887 ,7.000
 ,0.994 ,0.978 ,-71.556 ,-18.753 ,14.838 ,103.154 ,0.876 ,7.000
 ,1.000 ,1.000 ,-69.554 ,-18.360 ,15.662 ,143.788 ,0.901 ,7.000
 ,0.994 ,0.966 ,-69.933 ,-17.825 ,14.448 ,143.644 ,0.819 ,7.000
 ,1.000 ,1.000 ,-70.884 ,-17.915 ,15.117 ,128.628 ,0.867 ,7.000
 ,0.987 ,0.964 ,-69.673 ,-18.686 ,15.088 ,115.294 ,0.904 ,7.000
 ,0.994 ,0.978 ,-71.578 ,-17.886 ,15.755 ,128.242 ,0.873 ,7.000
 ,1.000 ,1.000 ,-70.738 ,-18.389 ,14.572 ,118.402 ,0.880 ,7.000
 ,1.000 ,1.000 ,-68.995 ,-18.113 ,15.537 ,124.304 ,0.901 ,7.000
 ,0.980 ,0.952 ,-73.081 ,-18.009 ,13.576 ,120.208 ,0.890 ,7.000
 ,0.976 ,0.935 ,-70.615 ,-18.027 ,16.000 ,127.632 ,0.929 ,7.000
 ,0.984 ,0.942 ,-70.609 ,-17.950 ,15.492 ,128.435 ,0.901 ,7.000
 ,0.994 ,0.981 ,-71.677 ,-17.896 ,14.078 ,118.521 ,0.919 ,7.000
 ,0.989 ,0.957 ,-70.318 ,-18.209 ,16.105 ,128.482 ,0.902 ,7.000
 ,0.988 ,0.935 ,-69.235 ,-17.822 ,15.840 ,148.381 ,0.899 ,7.000
 ,0.987 ,0.959 ,-69.663 ,-18.267 ,15.172 ,143.788 ,0.930 ,7.000
 ,0.995 ,0.980 ,-70.620 ,-18.571 ,15.435 ,113.928 ,0.902 ,7.000
 ,1.000 ,1.000 ,-69.926 ,-18.556 ,14.650 ,105.561 ,0.863 ,7.000
 ,1.000 ,1.000 ,-71.761 ,-18.427 ,13.256 ,103.854 ,0.843 ,7.000
 ,0.983 ,0.952 ,-71.926 ,-18.546 ,14.077 ,118.981 ,0.922 ,7.000
 ,0.989 ,0.963 ,-70.471 ,-18.575 ,15.180 ,111.204 ,0.885 ,7.000
 ,1.000 ,1.000 ,-73.296 ,-18.179 ,13.925 ,133.280 ,0.887 ,7.000
 ,0.994 ,0.974 ,-72.728 ,-17.791 ,15.006 ,127.972 ,0.834 ,7.000
 ,1.000 ,1.000 ,-72.564 ,-17.671 ,13.571 ,142.718 ,0.870 ,7.000
 ,1.000 ,1.000 ,-72.235 ,-18.055 ,13.593 ,116.224 ,0.919 ,7.000
 ,0.994 ,0.980 ,-68.611 ,-18.022 ,16.352 ,138.734 ,0.899 ,7.000
 ,0.989 ,0.956 ,-72.811 ,-18.006 ,14.582 ,123.215 ,0.907 ,7.000
 ,0.994 ,0.981 ,-73.235 ,-17.927 ,14.573 ,121.156 ,0.947 ,7.000
 ,0.995 ,0.981 ,-72.341 ,-18.164 ,15.730 ,123.030 ,0.892 ,7.000
 ,1.000 ,1.000 ,-74.325 ,-17.579 ,14.561 ,128.628 ,0.894 ,7.000
 ,0.994 ,0.981 ,-72.364 ,-18.218 ,14.374 ,128.628 ,0.941 ,7.000
 ,0.994 ,1.000 ,-70.626 ,-17.999 ,13.825 ,126.042 ,0.941 ,7.000
 ,1.000 ,1.000 ,-70.746 ,-18.144 ,14.223 ,128.566 ,0.866 ,7.000
 ,1.000 ,1.000 ,-73.605 ,-18.234 ,13.990 ,124.034 ,0.940 ,7.000
 ,0.987 ,0.967 ,-69.225 ,-18.445 ,13.902 ,119.834 ,0.945 ,7.000
 ,1.000 ,1.000 ,-69.472 ,-18.341 ,12.373 ,128.499 ,0.929 ,7.000
 ,0.989 ,0.981 ,-69.066 ,-17.954 ,14.562 ,111.323 ,0.904 ,7.000
 ,0.995 ,0.975 ,-68.884 ,-18.061 ,15.091 ,98.767 ,0.934 ,7.000
 ,1.000 ,1.000 ,-72.668 ,-18.285 ,15.530 ,111.204 ,0.933 ,7.000
 ,0.994 ,0.976 ,-69.368 ,-18.103 ,15.653 ,138.136 ,0.911 ,7.000
 ,1.000 ,1.000 ,-72.438 ,-18.039 ,13.665 ,99.228 ,0.905 ,7.000
 ,0.995 ,0.979 ,-71.692 ,-18.151 ,15.239 ,104.425 ,0.899 ,7.000
 ,1.000 ,1.000 ,-71.914 ,-17.907 ,14.845 ,98.668 ,0.885 ,7.000
 ,1.000 ,1.000 ,-72.674 ,-17.883 ,14.407 ,113.847 ,0.915 ,7.000
 ,0.985 ,0.943 ,-73.089 ,-18.349 ,14.415 ,102.705 ,0.920 ,7.000
 ,0.994 ,0.982 ,-73.868 ,-18.053 ,14.530 ,109.334 ,0.881 ,7.000
 ,1.000 ,1.000 ,-73.695 ,-18.079 ,15.404 ,118.981 ,0.887 ,7.000
 ,0.984 ,0.951 ,-70.307 ,-18.403 ,15.714 ,111.434 ,0.891 ,7.000
 ,0.988 ,0.964 ,-70.098 ,-18.180 ,15.674 ,103.821 ,0.868 ,7.000
 ,0.959 ,0.908 ,-72.666 ,-18.518 ,14.970 ,118.981 ,0.890 ,7.000
 ,1.000 ,1.000 ,-72.403 ,-17.794 ,15.759 ,118.862 ,0.869 ,7.000
 ,0.994 ,0.980 ,-70.701 ,-18.497 ,13.786 ,93.815 ,0.903 ,7.000
 ,0.994 ,0.974 ,-71.685 ,-18.496 ,12.320 ,121.096 ,0.912 ,7.000
 ,1.000 ,1.000 ,-70.581 ,-18.270 ,15.276 ,138.136 ,0.860 ,7.000
 ,0.994 ,0.980 ,-70.772 ,-18.374 ,15.158 ,107.932 ,0.879 ,7.000
 ,0.966 ,0.861 ,-72.909 ,-18.813 ,14.007 ,128.127 ,0.917 ,7.000
 ,1.000 ,1.000 ,-70.239 ,-18.121 ,16.019 ,108.799 ,0.867 ,7.000
 ,0.983 ,0.939 ,-73.737 ,-18.350 ,12.886 ,99.128 ,0.902 ,7.000
 ,1.000 ,1.000 ,-69.796 ,-18.416 ,15.204 ,128.499 ,0.891 ,7.000
 ,0.994 ,0.976 ,-72.115 ,-18.049 ,15.233 ,118.503 ,0.878 ,7.000
 ,1.000 ,1.000 ,-72.613 ,-18.094 ,15.592 ,128.499 ,0.916 ,7.000
 ,1.000 ,1.000 ,-74.070 ,-17.861 ,14.712 ,122.190 ,0.887 ,7.000
 ,1.000 ,1.000 ,-72.426 ,-17.763 ,15.517 ,111.204 ,0.858 ,7.000
 ,0.995 ,0.978 ,-74.504 ,-17.985 ,13.384 ,121.278 ,0.846 ,7.000
 ,0.994 ,0.978 ,-75.493 ,-18.315 ,12.871 ,99.228 ,0.879 ,7.000
 ,0.989 ,0.961 ,-66.877 ,-18.238 ,14.649 ,128.499 ,0.888 ,7.000
 ,0.994 ,0.978 ,-69.887 ,-18.291 ,15.653 ,121.251 ,0.913 ,7.000
 ,1.000 ,1.000 ,-74.257 ,-18.287 ,15.238 ,145.646 ,0.876 ,7.000
 ,0.995 ,0.979 ,-72.102 ,-18.014 ,14.831 ,113.586 ,0.883 ,7.000
 ,0.988 ,0.961 ,-68.785 ,-18.224 ,16.229 ,133.121 ,0.909 ,7.000
 ,1.000 ,1.000 ,-72.844 ,-17.995 ,15.868 ,121.156 ,0.903 ,7.000
 ,0.994 ,0.979 ,-70.784 ,-18.391 ,13.505 ,113.928 ,0.899 ,7.000
 ,0.994 ,0.980 ,-68.603 ,-17.993 ,15.838 ,119.562 ,0.911 ,7.000
 ,1.000 ,1.000 ,-70.041 ,-18.275 ,15.003 ,118.981 ,0.903 ,7.000
 ,1.000 ,1.000 ,-70.506 ,-18.218 ,15.585 ,123.484 ,0.939 ,7.000
 ,0.981 ,0.930 ,-70.504 ,-17.759 ,14.672 ,113.961 ,0.878 ,7.000
 ,0.994 ,0.984 ,-72.597 ,-18.066 ,14.917 ,99.128 ,0.925 ,7.000
 ,0.994 ,0.980 ,-67.210 ,-18.067 ,15.832 ,129.547 ,0.920 ,7.000
 ,0.995 ,0.981 ,-69.390 ,-18.013 ,15.345 ,121.278 ,0.931 ,7.000
